四创电子股份有限公司2026 年第一季度报告
1 / 12
证券代码：600990
证券简称：四创电子四创电子股份有限公司
2026 年第一季度报告本公司董事会及全体董事保证本公告内容不存在任何虚假记载、误导性陈述或者重大遗漏，并对其内容的真实性、准确性和完整性承担法律责任。
重要内容提示公司董事会及董事、高级管理人员保证季度报告内容的真实、准确、完整，不存在虚假记载、误导性陈述或重大遗漏，并承担个别和连带的法律责任。
公司负责人、主管会计工作负责人及会计机构负责人（会计主管人员）保证季度报告中财务信息的真实、准确、完整。
第一季度财务报表是否经审计
□是√否一、主要财务数据
(一)主要会计数据和财务指标单位：元币种：人民币项目本报告期上年同期本报告期比上年同期增减变动幅度(%)
营业收入
170,228,804.22
292,813,165.61
-41.86
利润总额
-55,737,569.76
-20,706,724.32
不适用归属于上市公司股东的净利润
-57,329,040.81
-21,129,810.11
不适用归属于上市公司股东的扣除非经常性损益的净利润
-59,237,803.57
-23,000,066.15
不适用经营活动产生的现金流量净额
-219,772,188.13
-184,498,281.79
不适用四创电子股份有限公司2026 年第一季度报告
2 / 12
基本每股收益（元/股）
-0.2131
-0.0785
不适用稀释每股收益（元/股）
-0.2131
-0.0785
不适用加权平均净资产收益率（%）
-3.6383
-1.1228
不适用本报告期末上年度末本报告期末比上年度末增减变动幅度(%)
总资产
5,498,700,218.59
5,834,677,680.87
-5.76
归属于上市公司股东的所有者权益
1,547,054,008.32
1,604,383,329.52
-3.57
(二)非经常性损益项目和金额
√适用□不适用单位:元币种:人民币非经常性损益项目本期金额说明非流动性资产处置损益，包括已计提资产减值准备的冲销部分
445,465.00
计入当期损益的政府补助，但与公司正常经营业务密切相关、符合国家政策规定、按照确定的标准享有、对公司损益产生持续影响的政府补助除外
257,420.89
除同公司正常经营业务相关的有效套期保值业务外，非金融企业持有金融资产和金融负债产生的公允价值变动损益以及处置金融资产和金融负债产生的损益计入当期损益的对非金融企业收取的资金占用费委托他人投资或管理资产的损益对外委托贷款取得的损益因不可抗力因素，如遭受自然灾害而产生的各项资产损失单独进行减值测试的应收款项减值准备转回企业取得子公司、联营企业及合营企业的投资成本小于取得投资时应享有被投资单位可辨认净资产公允价值产生的收益同一控制下企业合并产生的子公司期初至合并日的当期净损益非货币性资产交换损益债务重组损益
1,573,080.49
企业因相关经营活动不再持续而发生的一次性费用，如安置职工的支出等四创电子股份有限公司2026 年第一季度报告
3 / 12
因税收、会计等法律、法规的调整对当期损益产生的一次性影响因取消、修改股权激励计划一次性确认的股份支付费用对于现金结算的股份支付，在可行权日之后，应付职工薪酬的公允价值变动产生的损益采用公允价值模式进行后续计量的投资性房地产公允价值变动产生的损益交易价格显失公允的交易产生的收益与公司正常经营业务无关的或有事项产生的损益受托经营取得的托管费收入除上述各项之外的其他营业外收入和支出
120,011.02
其他符合非经常性损益定义的损益项目减：所得税影响额
320,613.29
少数股东权益影响额（税后）
合计
2,075,364.11
对公司将《公开发行证券的公司信息披露解释性公告第1 号——非经常性损益》未列举的项目认定为非经常性损益项目且金额重大的，以及将《公开发行证券的公司信息披露解释性公告第1 号
——非经常性损益》中列举的非经常性损益项目界定为经常性损益的项目，应说明原因。
□适用√不适用
(三)主要会计数据、财务指标发生变动的情况、原因
√适用□不适用项目名称变动比例
（%）
主要原因货币资金
-60.31
主要系本期支付货款、支付薪酬、缴纳税费及偿还借款所致其他流动资产
667.31
主要系本期重分类至其他流动资产项目增加所致应付职工薪酬
67.27
主要系新增薪酬计提所致应交税费
-61.38
主要系本期缴纳税费所致一年内到期的非流动负债
-32.41
主要系本期支付一年内到期的非流动负债所致营业收入
-41.81
主要系本报告期雷达整机收入同比减少所致营业成本
-40.48
主要系本期营业收入减少所致研发费用
492.47
主要系本期研发投入增加所致投资收益
510.87
主要系本期债务重组损益增加所致其他收益
-42.48
主要系本期收到的政府补助减少所致收到其他与经营活动有关的现金
113.95
主要系本期收到的保证金增加所致支付的各项税费
108.12
主要系本期支付的增值税增加所致四创电子股份有限公司2026 年第一季度报告
4 / 12
购建固定资产、无形资产和其他长期资产支付的现金
174.45
主要系本期购建其他长期资产支付的现金增加所致二、股东信息
(一)普通股股东总数和表决权恢复的优先股股东数量及前十名股东持股情况表单位：股报告期末普通股股东总数
37,939
报告期末表决权恢复的优先股股东总数（如有）
0
前10 名股东持股情况（不含通过转融通出借股份）
股东名称股东性质持股数量持股比例
(%)
持有有限售条件股份数量质押、标记或冻结情况股份状态数量中电博微电子科技有限公司国有法人
115,246,277
42.5
2
0
无
0
中电科投资控股有限公司国有法人
9,036,377
3.33
0
无
0
香港中央结算有限公司其他
2,267,070
0.84
0
无
0
上海冉钰投资管理中心（有限合伙）
其他
2,023,854
0.75
0
质押
2,023,854
李松峰境内自然人
1,552,900
0.57
0
无
0
张耀坤境内自然人
1,500,000
0.55
0
无
0
王静玉境内自然人
1,162,500
0.43
0
无
0
旷海滨境内自然人
952,100
0.35
0
无
0
黄伟群境内自然人
931,968
0.34
0
无
0
潘洪强境内自然人
930,157
0.34
0
无
0
前10 名无限售条件股东持股情况（不含通过转融通出借股份）
股东名称持有无限售条件流通股的数量股份种类及数量股份种类数量中电博微电子科技有限公司
115,246,277
人民币普通股
115,246,277
中电科投资控股有限公司
9,036,377
人民币普通股
9,036,377
香港中央结算有限公司
2,267,070
人民币普通股
2,267,070
上海冉钰投资管理中心（有限合伙）
2,023,854
人民币普通股
2,023,854
李松峰
1,552,900
人民币普通股
1,552,900
张耀坤
1,500,000
人民币普通股
1,500,000
王静玉
1,162,500
人民币普通股
1,162,500
旷海滨
952,100
人民币普通股
952,100

四创电子股份有限公司2026 年第一季度报告
5 / 12
黄伟群
931,968
人民币普通股
931,968
潘洪强
930,157
人民币普通股
930,157
上述股东关联关系或一致行动的说明前十名无限售条件股东中，中电博微电子科技有限公司、中电科投资控股有限公司为中国电子科技集团有限公司全资子公司。前十名无限售条件的其他股东之间未知是否有关联关系，也未知前十名无限售条件的其他股东是否属于一致行动人。
前10 名股东及前10 名无限售股东参与融资融券及转融通业务情况说明（如有）
截至2026 年3 月31 日，股东张耀坤、王静玉、旷海滨、潘洪强分别通过信用证券账户持有1,500,000 股、900,500 股、952,100 股、
784,769 股。
持股5%以上股东、前10 名股东及前10 名无限售流通股股东参与转融通业务出借股份情况
□适用√不适用前10 名股东及前10 名无限售流通股股东因转融通出借/归还原因导致较上期发生变化
□适用√不适用三、其他提醒事项需提醒投资者关注的关于公司报告期经营情况的其他重要信息
□适用√不适用四、季度财务报表
(一)审计意见类型
□适用√不适用
(二)财务报表合并资产负债表
2026 年3 月31 日编制单位：四创电子股份有限公司单位：元币种:人民币审计类型：未经审计项目
2026 年3 月31 日
2025 年12 月31 日流动资产：
货币资金
213,885,804.48
538,861,697.13
结算备付金拆出资金交易性金融资产衍生金融资产应收票据
85,475,454.19
92,657,899.40
应收账款
1,889,875,261.64
1,929,966,254.22

四创电子股份有限公司2026 年第一季度报告
6 / 12
应收款项融资
7,075,575.90
7,305,668.06
预付款项
40,526,090.74
37,920,432.31
应收保费应收分保账款应收分保合同准备金其他应收款
31,209,512.30
31,169,717.39
其中：应收利息应收股利买入返售金融资产存货
1,150,192,527.72
1,101,373,327.91
其中：数据资源合同资产
182,547,777.68
177,254,981.35
持有待售资产一年内到期的非流动资产
14,356,854.88
17,750,013.66
其他流动资产
8,920,277.85
1,162,537.00
流动资产合计
3,624,065,137.38
3,935,422,528.43
非流动资产：
发放贷款和垫款债权投资其他债权投资长期应收款
193,795,001.37
197,923,886.89
长期股权投资其他权益工具投资其他非流动金融资产投资性房地产固定资产
987,481,007.44
1,009,916,957.81
在建工程生产性生物资产油气资产使用权资产
3,409,133.81
4,545,511.73
无形资产
379,337,265.22
397,340,836.67
其中：数据资源开发支出
192,169,249.23
169,183,959.87
其中：数据资源商誉长期待摊费用
8,721,598.80
9,580,702.38
递延所得税资产
109,721,825.34
110,763,297.09
其他非流动资产
-
非流动资产合计
1,874,635,081.21
1,899,255,152.44
资产总计
5,498,700,218.59
5,834,677,680.87
流动负债：
短期借款
1,018,294,915.88
974,964,141.03

四创电子股份有限公司2026 年第一季度报告
7 / 12
向中央银行借款拆入资金交易性金融负债衍生金融负债应付票据
170,194,393.59
165,719,449.69
应付账款
1,488,156,274.62
1,667,751,292.75
预收款项合同负债
187,413,892.90
171,291,517.38
卖出回购金融资产款吸收存款及同业存放代理买卖证券款代理承销证券款应付职工薪酬
8,097,120.56
4,840,764.65
应交税费
15,089,004.43
39,071,605.97
其他应付款
56,359,955.80
64,490,446.43
其中：应付利息应付股利应付手续费及佣金应付分保账款持有待售负债一年内到期的非流动负债
222,724,177.38
329,524,777.38
其他流动负债
23,877,243.30
21,925,553.92
流动负债合计
3,190,206,978.46
3,439,579,549.20
非流动负债：
保险合同准备金长期借款
505,051,613.40
528,674,053.91
应付债券其中：优先股永续债租赁负债长期应付款
3,500,000.00
3,199,400.00
长期应付职工薪酬预计负债递延收益
222,221,539.73
228,183,826.08
递延所得税负债
63,035.70
63,035.70
其他非流动负债非流动负债合计
730,836,188.83
760,120,315.69
负债合计
3,921,043,167.29
4,199,699,864.89
所有者权益（或股东权益）：
实收资本（或股本）
271,051,331.00
271,075,062.00
其他权益工具其中：优先股四创电子股份有限公司2026 年第一季度报告
8 / 12
永续债资本公积
938,752,655.66
939,027,434.42
减：库存股
25,313,675.17
25,611,904.54
其他综合收益专项储备盈余公积
166,854,825.68
166,854,825.68
一般风险准备未分配利润
195,708,871.15
253,037,911.96
归属于母公司所有者权益（或股东权益）合计
1,547,054,008.32
1,604,383,329.52
少数股东权益
30,603,042.98
30,594,486.46
所有者权益（或股东权益）合计
1,577,657,051.30
1,634,977,815.98
负债和所有者权益（或股东权益）总计
5,498,700,218.59
5,834,677,680.87
公司负责人：任小伟主管会计工作负责人：朱诚会计机构负责人：刘勇合并利润表
2026 年1—3 月编制单位：四创电子股份有限公司单位：元币种:人民币审计类型：未经审计项目
2026 年第一季度
2025 年第一季度一、营业总收入
170,228,804.22
292,813,165.61
其中：营业收入
170,228,804.22
292,813,165.61
利息收入已赚保费手续费及佣金收入二、营业总成本
229,876,811.71
319,614,271.02
其中：营业成本
141,033,644.91
236,940,759.42
利息支出手续费及佣金支出退保金赔付支出净额提取保险责任准备金净额保单红利支出分保费用税金及附加
2,239,689.86
2,100,396.74
销售费用
13,997,696.89
14,805,454.81
管理费用
49,874,472.03
50,516,298.66
研发费用
11,571,718.06
1,953,140.24
财务费用
11,159,589.96
13,298,221.15

四创电子股份有限公司2026 年第一季度报告
9 / 12
其中：利息费用
11,414,407.94
13,595,276.71
利息收入
579,558.04
941,080.46
加：其他收益
3,247,032.25
5,645,074.74
投资收益（损失以“-”号填列）
1,573,080.49
257,514.46
其中：对联营企业和合营企业的投资收益以摊余成本计量的金融资产终止确认收益汇兑收益（损失以“-”号填列）
净敞口套期收益（损失以“-”号填列）
公允价值变动收益（损失以“-”号填列）
信用减值损失（损失以“-”号填列）
资产减值损失（损失以“-”号填列）
-1,400,663.65
资产处置收益（损失以“-”号填列）
445,465.00
三、营业利润（亏损以“-”号填列）
-55,783,093.40
-20,898,516.21
加：营业外收入
1,024,899.61
330,674.05
减：营业外支出
979,375.97
138,882.16
四、利润总额（亏损总额以“-”号填列）
-55,737,569.76
-20,706,724.32
减：所得税费用
1,582,914.53
414,715.76
五、净利润（净亏损以“-”号填列）
-57,320,484.29
-21,121,440.08
（一）按经营持续性分类
1.持续经营净利润（净亏损以“-”号填列）
-57,320,484.29
-21,121,440.08
2.终止经营净利润（净亏损以“-”号填列）
（二）按所有权归属分类
1.归属于母公司股东的净利润（净亏损以“-”号填列）
-57,329,040.81
-21,129,810.11
2.少数股东损益（净亏损以“-”号填列）
8,556.52
8,370.03
六、其他综合收益的税后净额
（一）归属母公司所有者的其他综合收益的税后净额
1．不能重分类进损益的其他综合收益
（1）重新计量设定受益计划变动额
（2）权益法下不能转损益的其他综合收益
（3）其他权益工具投资公允价值变动
（4）企业自身信用风险公允价值变动四创电子股份有限公司2026 年第一季度报告
10 / 12
2．将重分类进损益的其他综合收益
（1）权益法下可转损益的其他综合收益
（2）其他债权投资公允价值变动
（3）金融资产重分类计入其他综合收益的金额
（4）其他债权投资信用减值准备
（5）现金流量套期储备
（6）外币财务报表折算差额
（7）其他
（二）归属于少数股东的其他综合收益的税后净额七、综合收益总额
-57,320,484.29
-21,121,440.08
（一）归属于母公司所有者的综合收益总额
-57,329,040.81
-21,129,810.11
（二）归属于少数股东的综合收益总额
8,556.52
8,370.03
八、每股收益：
（一）基本每股收益(元/股)
-0.2131
-0.0785
（二）稀释每股收益(元/股)
-0.2131
-0.0785
本期发生同一控制下企业合并的，被合并方在合并前实现的净利润为：0元，上期被合并方实现的净利润为：0 元。
公司负责人：任小伟主管会计工作负责人：朱诚会计机构负责人：刘勇合并现金流量表
2026 年1—3 月编制单位：四创电子股份有限公司单位：元币种：人民币审计类型：未经审计项目
2026年第一季度
2025年第一季度一、经营活动产生的现金流量：
销售商品、提供劳务收到的现金
258,757,654.08
341,160,052.90
客户存款和同业存放款项净增加额向中央银行借款净增加额向其他金融机构拆入资金净增加额收到原保险合同保费取得的现金收到再保业务现金净额保户储金及投资款净增加额收取利息、手续费及佣金的现金拆入资金净增加额四创电子股份有限公司2026 年第一季度报告
11 / 12
回购业务资金净增加额代理买卖证券收到的现金净额收到的税费返还
105,874.00
145,953.43
收到其他与经营活动有关的现金
4,324,877.50
2,021,464.58
经营活动现金流入小计
263,188,405.58
343,327,470.91
购买商品、接受劳务支付的现金
310,996,299.73
364,676,247.60
客户贷款及垫款净增加额存放中央银行和同业款项净增加额支付原保险合同赔付款项的现金拆出资金净增加额支付利息、手续费及佣金的现金支付保单红利的现金支付给职工及为职工支付的现金
116,302,530.99
116,409,810.13
支付的各项税费
30,135,886.48
14,479,707.47
支付其他与经营活动有关的现金
25,525,876.51
32,259,987.50
经营活动现金流出小计
482,960,593.71
527,825,752.70
经营活动产生的现金流量净额
-219,772,188.13
-184,498,281.79
二、投资活动产生的现金流量：
收回投资收到的现金取得投资收益收到的现金处置固定资产、无形资产和其他长期资产收回的现金净额处置子公司及其他营业单位收到的现金净额收到其他与投资活动有关的现金投资活动现金流入小计购建固定资产、无形资产和其他长期资产支付的现金
8,743,245.36
3,185,785.54
投资支付的现金质押贷款净增加额取得子公司及其他营业单位支付的现金净额支付其他与投资活动有关的现金投资活动现金流出小计
8,743,245.36
3,185,785.54
投资活动产生的现金流量净额
-8,743,245.36
-3,185,785.54
三、筹资活动产生的现金流量：
吸收投资收到的现金其中：子公司吸收少数股东投资收到的现金取得借款收到的现金
180,000,000.00
196,890,000.00

四创电子股份有限公司2026 年第一季度报告
12 / 12
收到其他与筹资活动有关的现金筹资活动现金流入小计
180,000,000.00
196,890,000.00
偿还债务支付的现金
262,520,000.00
275,100,000.00
分配股利、利润或偿付利息支付的现金
11,343,847.97
13,916,606.56
其中：子公司支付给少数股东的股利、利润支付其他与筹资活动有关的现金
4,327,501.94
6,000,000.00
筹资活动现金流出小计
278,191,349.91
295,016,606.56
筹资活动产生的现金流量净额
-98,191,349.91
-98,126,606.56
四、汇率变动对现金及现金等价物的影响
-19.79
-1.93
五、现金及现金等价物净增加额
-326,706,803.19
-285,810,675.82
加：期初现金及现金等价物余额
536,713,357.76
442,560,011.00
六、期末现金及现金等价物余额
210,006,554.57
156,749,335.18
公司负责人：任小伟主管会计工作负责人：朱诚会计机构负责人：刘勇
(三)2026 年起首次执行新会计准则或准则解释等涉及调整首次执行当年年初的财务报表
□适用√不适用特此公告四创电子股份有限公司董事会
2026 年4 月28 日